92
19
25.375
27.375
26.5
27.375
24.375
26.25
26.75
28.75
29.25
28.5
30.625
29.0
27.625
3.0
0.099998474
11.25
0.049999714
0.375
3.875
24.375
27.375
26.5
26.375
27.375
27.25
26.75
28.75
29.25
28.5
30.625
28.0
26.625
3.0
0.099998474
11.25
0.14999986
0.375
3.875
24.375
24.375
26.5
23.375
24.375
25.25
26.75
27.75
27.25
27.5
28.625
27.0
25.625
4.0
0.099998474
11.25
0.14999986
0.4749999
3.875
25.375
25.375
23.5
25.375
23.375
24.25
26.75
26.75
26.25
26.5
27.625
26.0
23.625
4.0
0.099998474
11.25
0.049999714
0.57500005
3.875
25.375
25.375
25.5
25.375
25.375
26.25
26.75
26.75
28.25
27.5
27.625
27.0
25.625
4.0
0.099998474
11.25
0.049999714
0.57500005
3.875
24.375
25.375
25.5
26.375
26.375
24.25
27.75
27.75
27.25
27.5
29.625
28.0
27.625
4.0
0.099998474
11.25
0.049999714
0.07500005
3.875
26.375
26.375
25.5
27.375
25.375
24.25
26.75
26.75
27.25
27.5
28.625
27.0
26.625
4.0
0.099998474
11.25
-0.05000019
-0.025000095
2.875
26.375
25.375
26.5
26.375
26.375
25.25
25.75
27.75
28.25
27.5
28.625
29.0
26.625
5.0
0.099998474
11.25
-0.25000024
-0.22500014
1.875
24.375
26.375
25.5
25.375
25.375
25.25
25.75
27.75
28.25
27.5
28.625
28.0
27.625
5.0
0.099998474
11.25
-0.05000019
-0.025000095
1.875
25.375
26.375
25.5
25.375
24.375
24.25
25.75
28.75
28.25
27.5
29.625
28.0
27.625
5.0
0.099998474
11.25
-0.05000019
-0.025000095
1.875
24.375
25.375
24.5
25.375
23.375
24.25
25.75
26.75
28.25
26.5
29.625
28.0
25.625
5.0
0.099998474
6.25
-0.1500001
-0.125
1.875
25.375
25.375
24.5
26.375
25.375
24.25
25.75
26.75
28.25
26.5
29.625
28.0
25.625
6.0
0.099998474
6.25
0.14999986
0.17499995
1.875
125.375
340.75
159.375
156.5
33.625
46.25
432.875
169.125
28.375
386.375
322.5
451.75
304.125
23.0
-9.536743E-7
-8.125
1.7874999
3.5625
3.625
135.375
356.75
185.375
156.5
38.625
60.25
535.875
238.125
29.375
418.375
297.5
423.75
265.125
41.0
-9.536743E-7
-8.125
2.6875
4.8625
2.625
140.375
365.75
185.375
178.5
47.625
69.25
540.875
259.125
31.375
404.375
294.5
404.75
278.125
58.0
-9.536743E-7
-8.125
2.7875
4.9625006
2.625
138.375
365.75
199.375
185.5
53.625
78.25
534.875
260.125
34.375
396.375
289.5
398.75
291.125
74.0
-9.536743E-7
-8.125
2.3874998
2.4625
1.625
138.375
373.75
207.375
186.5
54.625
81.25
531.875
259.125
36.375
392.375
289.5
393.75
294.125
89.0
-9.536743E-7
-8.125
2.1875
2.1625004
1.625
141.375
376.75
211.375
189.5
58.625
84.25
530.875
257.125
41.375
387.375
287.5
388.75
301.125
104.0
-9.536743E-7
-8.125
1.9874997
1.9625001
1.625
141.375
376.75
217.375
188.5
62.625
85.25
527.875
256.125
46.375
388.375
287.5
386.75
306.125
118.0
-9.536743E-7
1.875
2.0874996
1.9625001
1.625
142.375
379.75
218.375
188.5
63.625
88.25
527.875
253.125
47.375
387.375
287.5
387.75
306.125
131.0
-9.536743E-7
41.875
2.0874996
2.1625004
2.625
142.375
380.75
219.375
187.5
66.625
89.25
527.875
250.125
51.375
385.375
286.5
385.75
307.125
144.0
-9.536743E-7
41.875
2.1875
3.5625
2.625
141.375
381.75
220.375
188.5
66.625
90.25
529.875
252.125
52.375
381.375
289.5
383.75
313.125
156.0
-9.536743E-7
100.875
2.0874996
3.3625002
2.625
140.375
381.75
221.375
187.5
66.625
91.25
527.875
249.125
54.375
379.375
289.5
380.75
314.125
156.0
-9.536743E-7
135.875
2.1875
3.7625003
2.625
62.625
216.5
40.125
78.25
26.875
32.75
286.5
101.25
29.375
286.5
198.625
287.375
194.5
34.625
0.0
-46.25
1.1750002
5.6124997
3.375
68.625
216.5
50.125
89.25
28.875
33.75
321.5
124.25
32.375
312.5
208.625
297.375
207.5
52.625
0.0
-46.25
0.6750002
3.9125
3.375
68.625
225.5
61.125
94.25
28.875
35.75
324.5
136.25
34.375
333.5
217.625
316.375
219.5
69.625
0.0
-41.25
0.4749999
2.3124995
4.375
73.625
246.5
70.125
101.25
31.875
38.75
345.5
145.25
38.375
347.5
219.625
313.375
225.5
86.625
0.0
-41.25
0.2750001
-0.5875006
4.375
74.625
249.5
79.125
104.25
32.875
38.75
341.5
151.25
39.375
349.5
225.625
320.375
234.5
101.625
0.0
-31.25
-0.125
-0.5875006
4.375
77.625
257.5
86.125
110.25
32.875
39.75
355.5
154.25
42.375
354.5
230.625
318.375
240.5
116.625
0.0
-21.25
-0.125
-0.7875004
5.375
79.625
267.5
89.125
113.25
34.875
41.75
354.5
157.25
45.375
357.5
230.625
320.375
244.5
130.625
0.0
-21.25
-0.025000095
-0.5875006
5.375
78.625
268.5
94.125
113.25
33.875
42.75
355.5
158.25
45.375
357.5
236.625
320.375
252.5
144.625
0.0
-11.25
-0.2249999
-0.6875005
5.375
79.625
275.5
98.125
115.25
36.875
42.75
358.5
162.25
49.375
359.5
237.625
320.375
255.5
144.625
0.0
-1.25
-0.5250001
-0.5875006
6.375
79.625
276.5
99.125
115.25
34.875
43.75
358.5
159.25
51.375
361.5
243.625
323.375
255.5
156.625
0.0
8.75
-0.4250002
-0.7875004
6.375
79.625
281.5
102.125
115.25
37.875
44.75
358.5
162.25
51.375
361.5
242.625
323.375
256.5
169.625
0.0
23.75
-0.7249999
-1.1875005
6.375
81.625
284.5
103.125
116.25
35.875
45.75
359.5
162.25
54.375
362.5
242.625
323.375
259.5
180.625
0.0
33.75
-0.625
-0.6875005
6.375
33.5
120.625
39.625
38.625
32.375
28.25
51.75
36.75
25.25
81.875
41.375
56.25
64.5
59.875
0.0
-3.125
1.4249997
3.4624996
3.5
29.5
125.625
35.625
38.625
32.375
32.25
56.75
32.75
29.25
76.875
67.375
80.25
70.5
74.875
0.0
-8.125
1.8249998
5.362499
3.5
30.5
127.625
35.625
31.625
28.375
29.25
53.75
34.75
26.25
82.875
82.375
87.25
82.5
89.875
0.0
-8.125
1.5249996
3.8624992
230.5
39.5
127.625
36.625
35.625
31.375
26.25
59.75
35.75
28.25
102.875
79.375
95.25
86.5
103.875
0.0
-12.125
1.625
3.8624992
-1.5
39.5
136.625
36.625
34.625
32.375
31.25
66.75
36.75
29.25
107.875
75.375
89.25
77.5
117.875
0.0
-17.125
1.5249996
3.1624994
2.5
32.5
137.625
48.625
47.625
29.375
30.25
77.75
33.75
23.25
114.875
80.375
95.25
94.5
130.875
0.0
-17.125
1.4249997
1.4624996
2.5
37.5
151.625
37.625
44.625
25.375
31.25
72.75
32.75
37.25
116.875
92.375
111.25
84.5
142.875
0.0
-17.125
1.3249998
1.4624996
2.5
39.5
142.625
42.625
48.625
27.375
33.25
81.75
40.75
29.25
109.875
79.375
109.25
92.5
154.875
0.0
-17.125
1.3249998
1.2624993
2.5
37.5
158.625
39.625
47.625
33.375
41.25
83.75
41.75
29.25
114.875
80.375
103.25
96.5
165.875
0.0
-17.125
1.2249999
1.1624994
2.5
32.5
164.625
40.625
46.625
28.375
26.25
87.75
45.75
28.25
115.875
97.375
107.25
106.5
175.875
0.0
-17.125
0.9249997
0.76249933
2.5
29.5
159.625
37.625
38.625
31.375
32.25
85.75
42.75
26.25
114.875
88.375
108.25
112.5
175.875
0.0
-12.125
0.8249998
0.6624994
2.5
34.5
181.625
44.625
52.625
27.375
30.25
88.75
46.75
30.25
117.875
92.375
117.25
112.5
185.875
0.0
-12.125
0.625
0.46249962
3.5
20.25
25.875
34.125
28.125
24.5
30.375
45.875
33.5
30.25
41.375
29.625
37.0
36.375
90.0
0.0
-29.0
1.5374999
2.6625
1.625
31.25
25.875
28.125
31.125
23.5
30.375
41.875
39.5
30.25
53.375
32.625
39.0
30.375
103.0
0.0
-29.0
1.4375
1.7624998
1.625
29.25
25.875
33.125
31.125
27.5
29.375
33.875
33.5
25.25
47.375
26.625
39.0
38.375
116.0
0.0
-29.0
1.2374997
1.7624998
1.625
28.25
29.875
29.125
31.125
32.5
32.375
34.875
34.5
32.25
43.375
37.625
33.0
34.375
116.0
0.0
-29.0
1.2374997
1.6624999
1.625
31.25
28.875
33.125
27.125
31.5
34.375
31.875
31.5
29.25
46.375
31.625
33.0
34.375
129.0
0.0
-29.0
1.1374998
1.0625
1.625
31.25
34.875
33.125
23.125
26.5
31.375
36.875
30.5
35.25
59.375
37.625
33.0
35.375
141.0
0.0
-29.0
1.1374998
0.7624998
1.625
23.25
40.875
31.125
34.125
30.5
28.375
36.875
31.5
28.25
60.375
37.625
42.0
29.375
152.0
0.0
-29.0
1.3375001
1.0625
1.625
33.25
34.875
24.125
44.125
31.5
32.375
37.875
34.5
37.25
60.375
35.625
35.0
33.375
163.0
0.0
-29.0
1.2374997
1.6624999
1.625
28.25
36.875
27.125
26.125
26.5
22.375
33.875
35.5
37.25
54.375
32.625
41.0
24.375
173.0
0.0
-29.0
1.2374997
1.8624997
2.625
30.25
44.875
29.125
34.125
30.5
35.375
35.875
35.5
28.25
53.375
41.625
39.0
22.375
183.0
0.0
-34.0
1.0374999
1.2624998
2.625
35.25
41.875
30.125
34.125
27.5
21.375
35.875
30.5
32.25
56.375
34.625
42.0
28.375
192.0
0.0
-34.0
0.9375
1.2624998
2.625
36.25
37.875
32.125
28.125
29.5
21.375
42.875
29.5
28.25
61.375
36.625
41.0
30.375
201.0
0.0
-34.0
0.7374997
0.4625001
2.625
36.5
91.375
25.0
35.125
33.5
20.375
40.125
31.125
59.0
62.125
40.875
42.875
39.125
71.125
-0.012499809
40.625
0.11250019
-0.43749952
5.125
25.5
85.375
19.0
36.125
33.5
23.375
39.125
32.125
59.0
58.125
41.875
43.875
42.125
75.125
-0.012499809
45.625
0.11250019
-0.43749952
5.125
25.5
87.375
32.0
32.125
37.5
22.375
41.125
32.125
52.0
57.125
45.875
51.875
42.125
79.125
-0.012499809
45.625
0.012499809
-0.5374999
5.125
26.5
95.375
32.0
35.125
35.5
30.375
41.125
28.125
52.0
55.125
42.875
34.875
40.125
83.125
-0.012499809
50.625
0.11250019
-0.43749952
5.125
30.5
89.375
26.0
27.125
30.5
30.375
42.125
36.125
58.0
60.125
46.875
41.875
46.125
88.125
-0.012499809
55.625
0.2125001
-0.33749962
4.125
30.5
99.375
29.0
35.125
30.5
30.375
44.125
39.125
55.0
61.125
45.875
41.875
40.125
93.125
-0.012499809
55.625
0.11250019
-0.43749952
5.125
28.5
104.375
31.0
35.125
23.5
23.375
38.125
28.125
59.0
52.125
51.875
47.875
40.125
98.125
-0.012499809
60.625
0.012499809
-0.5374999
5.125
34.5
105.375
31.0
28.125
31.5
31.375
42.125
36.125
56.0
65.125
48.875
45.875
49.125
103.125
-0.012499809
60.625
-0.1875
-0.7374997
5.125
28.5
105.375
20.0
39.125
26.5
26.375
37.125
32.125
63.0
62.125
49.875
44.875
44.125
108.125
-0.012499809
65.625
-0.1875
-0.7374997
5.125
28.5
111.375
25.0
34.125
31.5
26.375
39.125
35.125
56.0
61.125
45.875
38.875
42.125
102.125
-0.012499809
65.625
-0.3874998
-0.9374995
195.125
32.5
101.375
25.0
36.125
32.5
25.375
39.125
39.125
64.0
62.125
48.875
51.875
44.125
108.125
-0.012499809
65.625
-0.1875
-0.7374997
195.125
28.5
111.375
29.0
27.125
32.5
33.375
40.125
32.125
64.0
67.125
36.875
53.875
47.125
113.125
-0.012499809
70.625
-0.1875
-0.7374997
5.125
12.625
22.875
11.25
23.5
26.625
19.0
24.875
12.625
3.625
33.0
64.5
34.25
81.625
72.875
-0.125
3827.5
9.25
17.1375
24.875
17.625
11.875
7.25
23.5
-1.375
5.0
67.875
22.625
5.625
38.0
91.5
32.25
81.625
85.875
-0.125
3887.5
11.55
19.737501
31.875
21.625
5.875
7.25
18.5
-0.375
11.0
59.875
19.625
0.625
31.0
62.5
28.25
57.625
96.875
-0.125
3887.5
8.95
14.4375
33.875
14.625
5.875
11.25
20.5
11.625
5.0
52.875
16.625
7.625
31.0
49.5
20.25
33.625
106.875
-0.125
3887.5
5.45
6.6375003
32.875
14.625
-0.125
5.25
19.5
-0.375
10.0
49.875
13.625
6.625
21.0
35.5
9.25
29.625
110.875
-0.125
3887.5
2.9500003
3.3375
30.875
20.625
-3.125
8.25
18.5
18.625
10.0
35.875
5.625
0.625
17.0
29.5
6.25
23.625
112.875
-0.125
3882.5
2.4500003
4.2374997
30.875
15.625
-13.125
8.25
16.5
6.625
4.0
29.875
3.625
-2.375
17.0
18.5
11.25
7.625
112.875
-0.125
3887.5
2.0500002
4.2374997
27.875
4.625
-4.125
8.25
12.5
11.625
10.0
26.875
9.625
1.625
18.0
12.5
14.25
9.625
110.875
-0.125
3887.5
2.0500002
3.5375
25.875
13.625
-4.125
7.25
9.5
7.625
10.0
24.875
6.625
4.625
16.0
11.5
5.25
7.625
106.875
-0.125
3887.5
2.25
3.8375
22.875
75.375
274.75
90.25
66.625
24.625
48.875
275.375
100.0
32.625
241.0
181.875
234.375
232.25
84.625
0.0
-28.75
2.1125002
4.9750004
2.375
78.375
279.75
90.25
80.625
42.625
55.875
295.375
111.0
35.625
250.0
174.875
231.375
233.25
98.625
0.0
-33.75
1.7125001
3.6750002
2.375
90.375
279.75
95.25
91.625
34.625
60.875
317.375
116.0
33.625
264.0
210.875
263.375
260.25
111.625
0.0
-33.75
1.4125004
2.375
2.375
90.375
281.75
116.25
96.625
41.625
57.875
342.375
140.0
34.625
265.0
189.875
253.375
239.25
124.625
0.0
-33.75
1.2125001
0.5750003
2.375
87.375
287.75
115.25
89.625
37.625
61.875
342.375
123.0
35.625
272.0
201.875
273.375
240.25
136.625
0.0
-33.75
0.8125
0.375
2.375
98.375
289.75
123.25
100.625
42.625
72.875
356.375
131.0
40.625
274.0
213.875
283.375
234.25
148.625
0.0
-28.75
0.9125004
0.375
2.375
104.375
295.75
129.25
104.625
38.625
71.875
363.375
141.0
40.625
274.0
208.875
273.375
249.25
159.625
0.0
-18.75
0.9125004
0.6750002
2.375
93.375
286.75
136.25
118.625
44.625
75.875
373.375
140.0
41.625
278.0
218.875
281.375
265.25
170.625
0.0
-18.75
0.7125001
0.5750003
2.375
96.375
294.75
137.25
110.625
46.625
73.875
390.375
146.0
35.625
286.0
221.875
279.375
255.25
180.625
0.0
-8.75
0.7125001
0.075000286
2.375
96.375
297.75
138.25
116.625
43.625
76.875
395.375
160.0
50.625
281.0
214.875
267.375
255.25
180.625
0.0
1.25
0.5125003
0.075000286
2.375
105.375
292.75
142.25
125.625
51.625
79.875
395.375
158.0
46.625
280.0
226.875
281.375
255.25
189.625
0.0
11.25
0.5125003
0.17500019
2.375
99.375
292.75
154.25
124.625
48.625
78.875
402.375
161.0
42.625
286.0
227.875
281.375
265.25
198.625
0.0
21.25
0.5125003
0.075000286
2.375
